%YAML:1.0
---
type: IMU
name: nora+
Gyr:
   unit: " rad/s"
   avg-axis:
      gyr_n: 1.0078111322678635e-02
      gyr_w: 8.2128708685468094e-05
   x-axis:
      gyr_n: 1.2843340763465702e-02
      gyr_w: 9.1928387793008945e-05
   y-axis:
      gyr_n: 1.4929137856584855e-02
      gyr_w: 1.2854698251062532e-04
   z-axis:
      gyr_n: 2.4618553479853482e-03
      gyr_w: 2.5910755752770038e-05
Acc:
   unit: " m/s^2"
   avg-axis:
      acc_n: 2.9463187162460283e-02
      acc_w: 6.0712583424285429e-04
   x-axis:
      acc_n: 3.0039399622415933e-02
      acc_w: 5.5342151362760769e-04
   y-axis:
      acc_n: 2.8922034958181821e-02
      acc_w: 7.4865823133182059e-04
   z-axis:
      acc_n: 2.9428126906783092e-02
      acc_w: 5.1929775776913471e-04
