%YAML:1.0

# debug
enable_perf_output: 0
warn_imu_duration: 0
use_mag: 0  # 使用磁力计

# for evo evaluation
use_evaluation: 0
gt_topic: "/gazebo/model_states"
gt_model_id: 90


#common parameters
imu: 1         
num_of_cam: 2  

imu_topic: "/mavros/imu/data_raw"
mag_topic: "/mavros/imu/mag"
image0_topic: "/camera/infra1/image_rect_raw"
image1_topic: "/camera/infra2/image_rect_raw"
output_path: "/drone/vins_ws/output"

use_baro: 0
baro_topic: "/mavros/imu/static_pressure"
temperature_topic: "/mavros/imu/temperature_imu"


multiple_thread: 1


cam0_calib: "left.yaml"
cam1_calib: "right.yaml"
image_width: 848
image_height: 480

imu_freq: 250
image_freq: 30


# Extrinsic parameter between IMU and Camera.
estimate_extrinsic: 1   # 0  Have an accurate extrinsic parameters. We will trust the following imu^R_cam, imu^T_cam, don't change it.
                        # 1  Have an initial guess about extrinsic parameters. We will optimize around your initial guess.
                        # 2  Don't have extrinsic parameters. We will estimate extrinsic parameters online.

# 前 左 上 相机位置
# body_T_cam0: !!opencv-matrix
#    rows: 4
#    cols: 4
#    dt: d
#    data: [ 0, 0,1, 0.075,
#        -1, 0,0, 0.045,
#        0, -1,0, 0.03, 
#        0., 0., 0., 1. ]
# body_T_cam1: !!opencv-matrix
#    rows: 4
#    cols: 4
#    dt: d
#    data: [ 0, 0,1, 0.075,
#        -1, 0,0, -0.045,
#        0, -1,0, 0.03, 
#        0., 0., 0., 1. ]

body_T_cam0: !!opencv-matrix
   rows: 4
   cols: 4
   dt: d
   data: [ 1.7985140992317961e-02, -2.0179375353367199e-02,9.9963459699724000e-01, 8.1103143007064268e-02,
       -9.9968884216364251e-01, -1.7646697186225246e-02,1.7629887462309264e-02, 6.0136140120131486e-02,
       1.7284488913544841e-02, -9.9964062887057858e-01,-2.0490474719536245e-02, 3.4199811066422579e-02, 
       0., 0., 0., 1. ]
body_T_cam1: !!opencv-matrix
   rows: 4
   cols: 4
   dt: d
   data: [ 1.7372030962916729e-02, -2.0245065093001578e-02,9.9964411161152955e-01, 8.1974558497582478e-02,
       -9.9969824604528423e-01, -1.7718238969079536e-02,1.7014137116449661e-02, -3.4398158514366568e-02,
       1.7367480940142309e-02, -9.9963803516433647e-01,-2.0546757860525844e-02, 3.5996353667945728e-02, 
       0., 0., 0., 1. ]

#Gpu accleration support
use_gpu: 0
use_nvidia_vpi: 0

enable_depth: 0

#feature traker paprameters
use_orb: 0              # use orb feature or not
max_cnt: 200            # max feature number in feature tracking
max_solve_cnt: 50       # Max Point for solve; highly influence performace, 后端求解的点数
depth_estimate_baseline: 0.095
thres_outlier : 3.0
tri_max_err: 1.5

min_dist: 30            # min distance between two features 
show_track: 1           # publish tracking image as topic
flow_back: 1            # perform forward and backward optical flow to improve feature tracking accuracy

#optimization parameters
max_solver_time: 0.04  # max solver itration time (ms), to guarantee real time
max_num_iterations: 8   # max solver itrations, to guarantee real time
keyframe_parallax: 10.0 # keyframe selection threshold (pixel)


#imu parameters       The more accurate parameters you provide, the better performance
acc_n: 2.9463187162460283e-02
acc_w: 6.0712583424285429e-04
gyr_n: 1.0078111322678635e-02
gyr_w: 8.2128708685468094e-05
g_norm: 9.81     # gravity magnitude

acc_n_factor: 8.0
acc_w_factor: 8.0
gyr_n_factor: 8.0
gyr_w_factor: 8.0

mag_measure_factor: 1.0
mag_world_factor: 1.0
mag_bias_factor: 1.0

baro_measure_factor: 0.01
baro_bias_factor: 1.0

mag_measure_noise: 1.0e-6
mag_world_noise: 1.0e-6
mag_bias_noise: 1.0e-14
mag_lpf_cutoff_freq: 40.0

baro_measure_noise: 0.1
baro_bias_noise: 0.000000000001
baro_lpf_cutoff_freq: 40

#unsynchronization parameters
estimate_td: 1                      # online estimate time offset between camera and imu
td: -0.0086                             # initial value of time offset. unit: s. readed image clock + td = real image clock (IMU clock)

F_threshold: 1.0        # ransac threshold (pixel)